35408 1000101001010000
3874 111100100010
29557 111001101110101
57440 1110000001100000
20732 101000011111100
33580 1000001100101100
58357 1110001111110101
6671 1101000001111
19592 100110010001000
59927 1110101000010111
541 1000011101
59158 1110011100010110
11904 10111010000000
50490 1100010100111010
34890 1000100001001010
25777 110010010110001
55188 1101011110010100
6176 1100000100000
53763 1101001000000011
60033 1110101010000001
1124 10001100100
36430 1000111001001110
26856 110100011101000
14470 11100010000110
48430 1011110100101110
5034 1001110101010
45163 1011000001101011
8655 10000111001111
61897 1111000111001001
60659 1110110011110011
57035 1101111011001011
14145 11011101000001
44474 1010110110111010
45443 1011000110000011
62596 1111010010000100
37176 1001000100111000
37545 1001001010101001
45794 1011001011100010
17877 100010111010101
58677 1110010100110101
14309 11011111100101
30805 111100001010101
50945 1100011100000001
37514 1001001010001010
50813 1100011001111101
14377 11100000101001
45186 1011000010000010
18580 100100010010100
5816 1011010111000
31975 111110011100111
11659 10110110001011
53642 1101000110001010
62659 1111010011000011
51203 1100100000000011
43295 1010100100011111
49212 1100000000111100
61703 1111000100000111
41136 1010000010110000
2503 100111000111
1076 10000110100
41858 1010001110000010
60680 1110110100001000
9424 10010011010000
40059 1001110001111011
47748 1011101010000100
39341 1001100110101101
58323 1110001111010011
32224 111110111100000
15534 11110010101110
53404 1101000010011100
40664 1001111011011000
47487 1011100101111111
44167 1010110010000111
20788 101000100110100
59163 1110011100011011
5577 1010111001001
35131 1000100100111011
15249 11101110010001
52507 1100110100011011
55755 1101100111001011
18036 100011001110100
18317 100011110001101
36791 1000111110110111
14917 11101001000101
3208 110010001000
49719 1100001000110111
30880 111100010100000
61962 1111001000001010
38534 1001011010000110
9487 10010100001111
499 111110011
28028 110110101111100
64810 1111110100101010
48193 1011110001000001
24478 101111110011110
31255 111101000010111
22505 101011111101001
15540 11110010110100
2385 100101010001
31617 111101110000001
52888 1100111010011000
27117 110100111101101
44040 1010110000001000
53264 1101000000010000
46105 1011010000011001
29836 111010010001100
48350 1011110011011110
37201 1001000101010001
33428 1000001010010100
33622 1000001101010110
23695 101110010001111
32534 111111100010110
29632 111001111000000
46312 1011010011101000
24950 110000101110110
14124 11011100101100
44466 1010110110110010
13371 11010000111011
39494 1001101001000110
31894 111110010010110
5702 1011001000110
8931 10001011100011
63507 1111100000010011
13476 11010010100100
31545 111101100111001
5632 1011000000000
33526 1000001011110110
5369 1010011111001
37060 1001000011000100
52492 1100110100001100
37991 1001010001100111
58564 1110010011000100
50891 1100011011001011
64557 1111110000101101
43010 1010100000000010
42397 1010010110011101
37530 1001001010011010
45681 1011001001110001
32972 1000000011001100
26881 110100100000001
30681 111011111011001
7982 1111100101110
13764 11010111000100
6860 1101011001100
8963 10001100000011
40229 1001110100100101
51889 1100101010110001
40163 1001110011100011
45437 1011000101111101
26687 110100000111111
6877 1101011011101
19236 100101100100100
5566 1010110111110
31465 111101011101001
20994 101001000000010
43461 1010100111000101
12954 11001010011010
23513 101101111011001
59654 1110100100000110
47760 1011101010010000
5481 1010101101001
16296 11111110101000
25182 110001001011110
12540 11000011111100
4110 1000000001110
2816 101100000000
43031 1010100000010111
7659 1110111101011
16026 11111010011010
42648 1010011010011000
1319 10100100111
37027 1001000010100011
60734 1110110100111110
8535 10000101010111
39351 1001100110110111
49002 1011111101101010
14479 11100010001111
27863 110110011010111
65186 1111111010100010
11546 10110100011010
57411 1110000001000011
21778 101010100010010
53092 1100111101100100
65335 1111111100110111
54991 1101011011001111
5246 1010001111110
37988 1001010001100100
19922 100110111010010
25965 110010101101101
20826 101000101011010
60999 1110111001000111
2502 100111000110
6648 1100111111000
5530 1010110011010
7541 1110101110101
28491 110111101001011
6259 1100001110011
44663 1010111001110111
21848 101010101011000
29685 111001111110101
13126 11001101000110
37484 1001001001101100
57349 1110000000000101
18977 100101000100001
25990 110010110000110
11102 10101101011110
26115 110011000000011
32151 111110110010111
12437 11000010010101
63580 1111100001011100
8375 10000010110111
21679 101010010101111
51491 1100100100100011
41829 1010001101100101
53191 1100111111000111
41938 1010001111010010
10206 10011111011110
26222 110011001101110
35404 1000101001001100
55223 1101011110110111
24184 101111001111000
23440 101101110010000
28084 110110110110100
20607 101000001111111
50436 1100010100000100
22903 101100101110111
59936 1110101000100000
6467 1100101000011
65366 1111111101010110
12137 10111101101001
3582 110111111110
14364 11100000011100
20984 101000111111000
63236 1111011100000100
21963 101010111001011
32647 111111110000111
58081 1110001011100001
44836 1010111100100100
14713 11100101111001
28291 110111010000011
31269 111101000100101
5120 1010000000000
31206 111100111100110
35958 1000110001110110
43055 1010100000101111
32405 111111010010101
41489 1010001000010001
42268 1010010100011100
34618 1000011100111010
63372 1111011110001100
33038 1000000100001110
5096 1001111101000
22631 101100001100111
37876 1001001111110100
22538 101100000001010
51249 1100100000110001
26079 110010111011111
20672 101000011000000
16384 100000000000000
36270 1000110110101110
61288 1110111101101000
30739 111100000010011
41260 1010000100101100
49104 1011111111010000
65387 1111111101101011
61666 1111000011100010
48125 1011101111111101
28694 111000000010110
59986 1110101001010010
14769 11100110110001
10961 10101011010001
48872 1011111011101000
54144 1101001110000000
6079 1011110111111
10603 10100101101011
22069 101011000110101
31369 111101010001001
521 1000001001
23280 101101011110000
19830 100110101110110
907 1110001011
1592 11000111000
34959 1000100010001111
18217 100011100101001
5621 1010111110101
45053 1010111111111101
10275 10100000100011
43503 1010100111101111
6631 1100111100111
39314 1001100110010010
33251 1000000111100011
44858 1010111100111010
61637 1111000011000101
39137 1001100011100001
2210 100010100010
49887 1100001011011111
37419 1001001000101011
5539 1010110100011
15396 11110000100100
22245 101011011100101
35674 1000101101011010
47736 1011101001111000
7721 1111000101001
14434 11100001100010
48971 1011111101001011
51331 1100100010000011
28961 111000100100001
41981 1010001111111101
21730 101010011100010
3875 111100100011
10376 10100010001000
48774 1011111010000110
59984 1110101001010000
4156 1000000111100
28453 110111100100101
27789 110110010001101
33501 1000001011011101
36988 1001000001111100
16442 100000000111010
23890 101110101010010
20679 101000011000111
2492 100110111100
50998 1100011100110110
57869 1110001000001101
28722 111000000110010
45798 1011001011100110
31669 111101110110101
40015 1001110001001111
26429 110011100111101
10489 10100011111001
33998 1000010011001110
64239 1111101011101111
54379 1101010001101011
53139 1100111110010011
43801 1010101100011001
22183 101011010100111
6465 1100101000001
36133 1000110100100101
50027 1100001101101011
50713 1100011000011001
47483 1011100101111011
44808 1010111100001000
34457 1000011010011001
10682 10100110111010
35600 1000101100010000
37152 1001000100100000
37094 1001000011100110
682 1010101010
38718 1001011100111110
52494 1100110100001110
63479 1111011111110111
7760 1111001010000
39382 1001100111010110
10903 10101010010111
7614 1110110111110
7397 1110011100101
62365 1111001110011101
5161 1010000101001
64012 1111101000001100
2244 100011000100
21386 101001110001010
47984 1011101101110000
15586 11110011100010
13457 11010010010001
42025 1010010000101001
6001 1011101110001
22037 101011000010101
27307 110101010101011
12065 10111100100001
4383 1000100011111
1455 10110101111
6031 1011110001111
37831 1001001111000111
14603 11100100001011
56718 1101110110001110
5183 1010000111111
16316 11111110111100
51285 1100100001010101
5431 1010100110111
19516 100110000111100
21637 101010010000101
13947 11011001111011
60945 1110111000010001
17384 100001111101000
54583 1101010100110111
44357 1010110101000101
25069 110000111101101
25391 110001100101111
11359 10110001011111
49520 1100000101110000
51456 1100100100000000
8818 10001001110010
57111 1101111100010111
62462 1111001111111110
25474 110001110000010
23078 101101000100110
18114 100011011000010
28778 111000001101010
60478 1110110000111110
52139 1100101110101011
50758 1100011001000110
53462 1101000011010110
16780 100000110001100
19364 100101110100100
26609 110011111110001
59959 1110101000110111
3813 111011100101
1948 11110011100
14625 11100100100001
8385 10000011000001
17439 100010000011111
21992 101010111101000
61105 1110111010110001
36710 1000111101100110
2199 100010010111
17772 100010101101100
18460 100100000011100
43983 1010101111001111
59384 1110011111111000
34013 1000010011011101
23806 101110011111110
64920 1111110110011000
1028 10000000100
32090 111110101011010
38132 1001010011110100
31048 111100101001000
9966 10011011101110
209 11010001
36093 1000110011111101
56905 1101111001001001
4329 1000011101001
13125 11001101000101
38178 1001010100100010
27636 110101111110100
3095 110000010111
57907 1110001000110011
30524 111011100111100
63756 1111100100001100
16168 11111100101000
34070 1000010100010110
17188 100001100100100
27893 110110011110101
7116 1101111001100
25595 110001111111011
37597 1001001011011101
11185 10101110110001
4713 1001001101001
7977 1111100101001
12316 11000000011100
21306 101001100111010
5893 1011100000101
51365 1100100010100101
33049 1000000100011001
57547 1110000011001011
23728 101110010110000
34536 1000011011101000
29762 111010001000010
34905 1000100001011001
34677 1000011101110101
23330 101101100100010
44082 1010110000110010
6915 1101100000011
33453 1000001010101101
49632 1100000111100000
9784 10011000111000
30905 111100010111001
9693 10010111011101
61978 1111001000011010
26927 110100100101111
64829 1111110100111101
7203 1110000100011
25462 110001101110110
14993 11101010010001
46574 1011010111101110
40704 1001111100000000
20134 100111010100110
20143 100111010101111
8690 10000111110010
49422 1100000100001110
41381 1010000110100101
60720 1110110100110000
38935 1001100000010111
52827 1100111001011011
35806 1000101111011110
37212 1001000101011100
61498 1111000000111010
38890 1001011111101010
15240 11101110001000
5906 1011100010010
64074 1111101001001010
3236 110010100100
20591 101000001101111
24691 110000001110011
50434 1100010100000010
58017 1110001010100001
4750