132
108
74
70
84
65
88
89
86
68
65
79
64
60
64
76
66
76
88
82
96
88
69
67
84
75
75
74
76
72
77
78
75
92
78
62
53
56
55
62
63
54
59
79
70
86
67
66
77
87
79
75
70
86
88
86
84
89
79
69
76
86
80
98
74
75
83
73
63
62
57
72
48
57
52
60
51
56
68
57
50
52
62
58
74
83
76
67
67
65
81
78
72
78
90
74
78
83
82
69
71
76
85
76
86
78
80
86
86
87
66
71
80
62
64
61
58
50
75
60
75
73
77
70
74
81
67
64
65
70
87
58
81
65
68
59
69
63
65
72
75
104
84
81
75
82
63
73
75
76
84
86
87
81
96
77
94
69
82
78
82
75
81
84
79
75
54
69
89
73
67
85
74
69
82
70
68
81
78
97
72
73
70
68
68
81
83
65
71
70
59
62
80
80
77
61
80
73
78
103
76
80
83
73
86
77
74
83
65
77
67
58
73
76
83
63
62
81
78
91
66
75
71
73
69
67
77
88
75
69
82
62
75
78
70
82
84
67
66
65
69
76
75
80
101
86
72
66
69
71
76
68
69
86
97